time	 ADC val	
0.00	515	
0.01	537	
0.01	514	
0.02	530	
0.02	528	
0.03	515	
0.03	537	
0.04	517	
0.04	530	
0.05	534	
0.05	521	
0.06	545	
0.06	527	
0.07	545	
0.07	544	
0.08	541	
0.08	564	
0.09	550	
0.09	569	
0.10	577	
0.10	572	
0.11	601	
0.11	583	
0.12	603	
0.12	607	
0.13	602	
0.13	623	
0.14	603	
0.14	617	
0.15	614	
0.15	598	
0.16	615	
0.16	583	
0.17	592	
0.17	580	
0.18	558	
0.18	572	
0.19	534	
0.19	544	
0.20	534	
0.20	518	
0.21	537	
0.21	510	
0.22	527	
0.22	526	
0.23	519	
0.23	543	
0.24	526	
0.24	548	
0.25	559	
0.25	560	
0.26	586	
0.26	576	
0.27	600	
0.27	604	
0.28	600	
0.28	622	
0.29	593	
0.29	608	
0.30	594	
0.30	576	
0.31	590	
0.31	548	
0.32	559	
0.32	544	
0.33	525	
0.33	543	
0.34	516	
0.34	532	
0.35	532	
0.35	524	
0.36	548	
0.36	537	
0.37	559	
0.37	569	
0.38	571	
0.38	600	
0.39	591	
0.39	609	
0.40	611	
0.40	601	
0.41	621	
0.41	592	
0.42	601	
0.42	589	
0.43	564	
0.43	576	
0.44	538	
0.44	545	
0.45	534	
0.45	517	
0.46	536	
0.46	512	
0.47	529	
0.47	532	
0.48	527	
0.48	552	
0.49	542	
0.49	567	
0.50	578	
0.50	579	
0.51	612	
0.51	596	
0.52	613	
0.52	609	
0.53	595	
0.53	611	
0.54	577	
0.54	582	
0.55	568	
0.55	543	
0.56	558	
0.56	523	
0.57	533	
0.57	528	
0.58	517	
0.58	543	
0.59	523	
0.59	541	
0.60	552	
0.60	552	
0.61	580	
0.61	574	
0.62	595	
0.62	602	
0.63	599	
0.63	622	
0.64	600	
0.64	610	
0.65	602	
0.65	579	
0.66	591	
0.66	555	
0.67	558	
0.67	548	
0.68	526	
0.68	544	
0.69	513	
0.69	526	
0.70	526	
0.70	517	
0.71	546	
0.71	527	
0.72	551	
0.72	562	
0.73	563	
0.73	595	
0.74	585	
0.74	606	
0.75	610	
0.75	599	
0.76	618	
0.76	588	
0.77	598	
0.77	586	
0.78	561	
0.78	575	
0.79	536	
0.79	542	
0.80	534	
0.80	518	
0.81	542	
0.81	518	
0.82	533	
0.82	541	
0.83	537	
0.83	567	
0.84	560	
0.84	577	
0.85	593	
0.85	591	
0.86	620	
0.86	602	
0.87	614	
0.87	607	
0.88	591	
0.88	608	
0.89	570	
0.89	572	
0.90	563	
0.90	537	
0.91	552	
0.91	521	
0.92	530	
0.92	526	
0.93	514	
0.93	539	
0.94	521	
0.94	539	
0.95	548	
0.95	548	
0.96	581	
0.96	570	
0.97	593	
0.97	602	
0.98	597	
0.98	621	
0.99	596	
0.99	606	
1.00	598	
1.00	576	
1.01	587	
1.01	551	
1.02	553	
1.02	544	
1.03	522	
1.03	544	
1.04	514	
1.04	532	
1.05	534	
1.05	527	
1.06	555	
1.06	542	
1.07	565	
1.07	575	
1.08	578	
1.08	607	
1.09	594	
1.09	613	
1.10	614	
1.10	601	
1.11	617	
1.11	588	
1.12	589	
1.12	579	
1.13	554	
1.13	567	
1.14	531	
1.14	536	
1.15	531	
1.15	513	
1.16	538	
1.16	514	
1.17	532	
1.17	535	
1.18	532	
1.18	563	
1.19	552	
1.19	575	
1.20	587	
1.20	585	
1.21	615	
1.21	598	
1.22	610	
1.22	610	
1.23	591	
1.23	609	
1.24	570	
1.24	571	
1.25	562	
1.25	535	
1.26	553	
1.26	520	
1.27	531	
1.27	532	
1.28	518	
1.28	543	
1.29	529	
1.29	548	
1.30	560	
1.30	558	
1.31	589	
1.31	582	
1.32	601	
1.32	607	
1.33	602	
1.33	625	
1.34	600	
1.34	607	
1.35	597	
1.35	572	
1.36	584	
1.36	546	
1.37	549	
1.37	542	
1.38	520	
1.38	541	
1.39	513	
1.39	525	
1.40	532	
1.40	520	
1.41	545	
1.41	534	
1.42	557	
1.42	571	
1.43	568	
1.43	601	
1.44	589	
1.44	602	
1.45	610	
1.45	599	
1.46	618	
1.46	584	
1.47	591	
1.47	579	
1.48	551	
1.48	565	
1.49	531	
1.49	535	
1.50	533	
1.50	517	
1.51	543	
1.51	519	
1.52	535	
1.52	544	
1.53	542	
1.53	574	
1.54	565	
1.54	586	
1.55	600	
1.55	595	
1.56	620	
1.56	602	
1.57	613	
1.57	610	
1.58	589	
1.58	601	
1.59	564	
1.59	567	
1.60	556	
1.60	531	
1.61	549	
1.61	517	
1.62	524	
1.62	528	
1.63	512	
1.63	540	
1.64	524	
1.64	541	
1.65	555	
1.65	551	
1.66	584	
1.66	574	
1.67	596	
1.67	604	
1.68	598	
1.68	619	
1.69	597	
1.69	603	
1.70	597	
1.70	570	
1.71	581	
1.71	545	
1.72	547	
1.72	544	
1.73	520	
1.73	540	
1.74	516	
1.74	530	
1.75	535	
1.75	529	
1.76	557	
1.76	546	
1.77	567	
1.77	580	
1.78	583	
1.78	607	
1.79	597	
1.79	615	
1.80	613	
1.80	598	
1.81	617	
1.81	583	
1.82	583	
1.82	579	
1.83	547	
1.83	562	
1.84	526	
1.84	533	
1.85	531	
1.85	514	
1.86	537	
1.86	516	
1.87	532	
1.87	543	
1.88	533	
1.88	567	
1.89	556	
1.89	580	
1.90	593	
1.90	588	
1.91	616	
1.91	600	
1.92	609	
1.92	607	
1.93	586	
1.93	603	
1.94	564	
1.94	563	
1.95	559	
1.95	531	
1.96	549	
1.96	519	
1.97	529	
1.97	532	
1.98	521	
1.98	546	
1.99	530	
1.99	550	
2.00	563	
2.00	562	
2.01	592	
2.01	584	
2.02	604	
2.02	611	
2.03	601	
2.03	623	
2.04	593	
2.04	600	
2.05	595	
2.05	567	
2.06	579	
2.06	540	
2.07	545	
2.07	541	
2.08	519	
2.08	536	
2.09	513	
2.09	525	
2.10	532	
2.10	521	
2.11	552	
2.11	540	
2.12	560	
2.12	576	
2.13	575	
2.13	606	
2.14	591	
2.14	608	
2.15	612	
2.15	598	
2.16	612	
2.16	581	
2.17	582	
2.17	573	
2.18	547	
2.18	561	
2.19	528	
2.19	535	
2.20	533	
2.20	517	
2.21	543	
2.21	524	
2.22	538	
2.22	549	
2.23	547	
2.23	578	
2.24	570	
2.24	590	
2.25	602	
2.25	594	
2.26	623	
2.26	602	
2.27	612	
2.27	613	
2.28	584	
2.28	598	
2.29	561	
2.29	558	
2.30	554	
2.30	529	
2.31	547	
2.31	517	
2.32	520	
2.32	528	
2.33	514	
2.33	542	
2.34	528	
2.34	546	
2.35	558	
2.35	559	
2.36	588	
2.36	581	
2.37	600	
2.37	608	
2.38	599	
2.38	622	
2.39	593	
2.39	601	
2.40	595	
2.40	564	
2.41	581	
2.41	543	
2.42	547	
2.42	542	
2.43	519	
2.43	542	
2.44	518	
2.44	531	
2.45	539	
2.45	529	
2.46	560	
2.46	553	
2.47	571	
2.47	585	
2.48	584	
2.48	614	
2.49	600	
2.49	611	
2.50	615	
2.50	596	
2.51	615	
2.51	581	
2.52	584	
2.52	572	
2.53	543	
2.53	558	
2.54	526	
2.54	529	
2.55	532	
2.55	510	
2.56	540	
2.56	517	
2.57	532	
2.57	546	
2.58	537	
2.58	569	
2.59	561	
2.59	581	
2.60	595	
2.60	591	
2.61	617	
2.61	602	
2.62	609	
2.62	609	
2.63	584	
2.63	600	
2.64	566	
2.64	560	
2.65	557	
2.65	530	
2.66	547	
2.66	518	
2.67	531	
2.67	536	
2.68	521	
2.68	547	
2.69	534	
2.69	552	
2.70	566	
2.70	563	
2.71	593	
2.71	586	
2.72	603	
2.72	615	
2.73	602	
2.73	623	
2.74	597	
2.74	599	
2.75	596	
2.75	567	
2.76	580	
2.76	544	
2.77	543	
2.77	544	
2.78	516	
2.78	540	
2.79	515	
2.79	526	
2.80	534	
2.80	524	
2.81	552	
2.81	539	
2.82	560	
2.82	575	
2.83	574	
2.83	603	
2.84	592	
2.84	608	
2.85	613	
2.85	597	
2.86	614	
2.86	585	
2.87	581	
2.87	578	
2.88	545	
2.88	563	
2.89	528	
2.89	532	
2.90	537	
2.90	517	
2.91	543	
2.91	525	
2.92	536	
2.92	548	
2.93	544	
2.93	575	
2.94	569	
2.94	589	
2.95	605	
2.95	594	
2.96	620	
2.96	605	
2.97	610	
2.97	608	
2.98	583	
2.98	597	
2.99	564	
2.99	561	
3.00	555	
3.00	527	
3.01	546	
3.01	519	
3.02	523	
3.02	531	
3.03	515	
3.03	541	
3.04	526	
3.04	541	
3.05	560	
3.05	554	
3.06	583	
3.06	578	
3.07	596	
3.07	609	
3.08	598	
3.08	619	
3.09	596	
3.09	600	
3.10	597	
3.10	566	
3.11	582	
3.11	544	
3.12	543	
3.12	546	
3.13	517	
3.13	543	
3.14	518	
3.14	529	
3.15	539	
3.15	529	
3.16	558	
3.16	549	
3.17	567	
3.17	586	
3.18	581	
3.18	610	
3.19	597	
3.19	611	
3.20	615	
3.20	595	
3.21	614	
3.21	587	
3.22	583	
3.22	577	
3.23	542	
3.23	561	
3.24	529	
3.24	530	
3.25	533	
3.25	510	
3.26	535	
3.26	518	
3.27	526	
3.27	543	
3.28	534	
3.28	564	
3.29	560	
3.29	579	
3.30	595	
3.30	592	
3.31	616	
3.31	601	
3.32	607	
3.32	609	
3.33	585	
3.33	602	
3.34	566	
3.34	563	
3.35	559	
3.35	528	
3.36	550	
3.36	520	
3.37	526	
3.37	535	
3.38	518	
3.38	545	
3.39	535	
3.39	550	
3.40	566	
3.40	561	
3.41	592	
3.41	586	
3.42	598	
3.42	616	
3.43	599	
3.43	625	
3.44	594	
3.44	598	
3.45	596	
3.45	564	
3.46	576	
3.46	545	
3.47	542	
3.47	541	
3.48	515	
3.48	538	
3.49	514	
3.49	522	
3.50	536	
3.50	521	
3.51	548	
3.51	540	
3.52	558	
3.52	576	
3.53	572	
3.53	604	
3.54	595	
3.54	606	
3.55	615	
3.55	595	
3.56	612	
3.56	585	
3.57	585	
3.57	579	
3.58	548	
3.58	561	
3.59	531	
3.59	531	
3.60	536	
3.60	514	
3.61	541	
3.61	523	
3.62	533	
3.62	547	
3.63	543	
3.63	572	
3.64	570	
3.64	584	
3.65	601	
3.65	593	
3.66	622	
3.66	604	
3.67	608	
3.67	612	
3.68	586	
3.68	599	
3.69	566	
3.69	559	
3.70	559	
3.70	528	
3.71	546	
3.71	520	
3.72	524	
3.72	532	
3.73	512	
3.73	541	
3.74	524	
3.74	541	
3.75	556	
3.75	551	
3.76	583	
3.76	578	
3.77	593	
3.77	605	
3.78	596	
3.78	620	
3.79	600	
3.79	600	
3.80	600	
3.80	568	
3.81	585	
3.81	551	
3.82	548	
3.82	547	
3.83	521	
3.83	540	
3.84	520	
3.84	527	
3.85	540	
3.85	522	
3.86	554	
3.86	546	
3.87	562	
3.87	581	
3.88	579	
3.88	607	
3.89	599	
3.89	611	
3.90	616	
3.90	599	
3.91	615	
3.91	588	
3.92	587	
3.92	586	
3.93	549	
3.93	564	
3.94	533	
3.94	530	
3.95	537	
3.95	512	
3.96	535	
3.96	517	
3.97	526	
3.97	540	
3.98	530	
3.98	561	
3.99	554	
3.99	574	
4.00	592	
4.00	585	
4.01	611	
4.01	602	
4.02	608	
4.02	616	
4.03	588	
4.03	605	
4.04	577	
4.04	567	
4.05	568	
4.05	534	
4.06	552	
4.06	526	
4.07	525	
4.07	535	
4.08	517	
4.08	544	
4.09	530	
4.09	543	
4.10	561	
4.10	555	
4.11	586	
4.11	584	
4.12	598	
4.12	611	
4.13	598	
4.13	621	
4.14	607	
4.14	603	
4.15	605	
4.15	572	
4.16	588	
4.16	556	
4.17	546	
4.17	550	
4.18	519	
4.18	539	
4.19	517	
4.19	521	
4.20	533	
4.20	517	
4.21	546	
4.21	536	
4.22	551	
4.22	569	
4.23	564	
4.23	597	
4.24	591	
4.24	601	
4.25	615	
4.25	598	
4.26	616	
4.26	591	
4.27	589	
4.27	589	
4.28	555	
4.28	570	
4.29	541	
4.29	534	
4.30	540	
4.30	514	
4.31	540	
4.31	524	
4.32	527	
4.32	547	
4.33	534	
4.33	564	
4.34	563	
4.34	576	
4.35	596	
4.35	588	
4.36	616	
4.36	606	
4.37	609	
4.37	617	
4.38	594	
4.38	608	
4.39	579	
4.39	568	
4.40	569	
4.40	535	
4.41	550	
4.41	523	
4.42	523	
4.42	531	
4.43	510	
4.43	533	
4.44	528	
4.44	532	
4.45	554	
4.45	543	
4.46	576	
4.46	572	
4.47	588	
4.47	604	
4.48	587	
4.48	620	
4.49	605	
4.49	603	
4.50	607	
4.50	576	
4.51	592	
4.51	556	
4.52	551	
4.52	553	
4.53	523	
4.53	542	
4.54	521	
4.54	524	
4.55	539	
4.55	521	
4.56	548	
4.56	541	
4.57	555	
4.57	577	
4.58	569	
4.58	600	
4.59	595	
4.59	604	
4.60	619	
4.60	599	
4.61	616	
4.61	595	
4.62	589	
4.62	595	
4.63	556	
4.63	569	
4.64	539	
4.64	537	
4.65	542	
4.65	515	
4.66	536	
4.66	518	
4.67	523	
4.67	541	
4.68	524	
4.68	555	
4.69	554	
4.69	564	
4.70	589	
4.70	577	
4.71	609	
4.71	602	
4.72	604	
4.72	617	
4.73	593	
4.73	611	
4.74	582	
4.74	573	
4.75	574	
4.75	539	
4.76	553	
4.76	530	
4.77	526	
4.77	536	
4.78	520	
4.78	541	
4.79	530	
4.79	536	
4.80	558	
4.80	548	
4.81	580	
4.81	577	
4.82	585	
4.82	607	
4.83	596	
4.83	623	
4.84	606	
4.84	605	
4.85	610	
4.85	577	
4.86	593	
4.86	563	
4.87	549	
4.87	556	
4.88	523	
4.88	541	
4.89	520	
4.89	520	
4.90	535	
4.90	515	
4.91	541	
4.91	532	
4.92	542	
4.92	566	
4.93	556	
4.93	589	
4.94	585	
4.94	596	
4.95	613	
4.95	597	
4.96	616	
4.96	596	
4.97	590	
4.97	594	
4.98	557	
4.98	574	
4.99	544	
4.99	537	
5.00	546	
